7
6
67
5
57
56
567
4
47
46
467
45
457
456
4567
3
37
36
367
35
357
356
3567
34
347
346
3467
345
3457
3456
34567
2
27
26
267
25
257
256
2567
24
247
246
2467
245
2457
2456
24567
23
237
236
2367
235
2357
2356
23567
234
2347
2346
23467
2345
23457
23456
234567
1
17
16
167
15
157
156
1567
14
147
146
1467
145
1457
1456
14567
13
137
136
1367
135
1357
1356
13567
134
1347
1346
13467
1345
13457
13456
134567
12
127
126
1267
125
1257
1256
12567
124
1247
1246
12467
1245
12457
12456
124567
123
1237
1236
12367
1235
12357
12356
123567
1234
12347
12346
123467
12345
123457
123456
1234567
